4294967278,17
4294967278,16
4294967278,15
4294967278,14
4294967278,13
4294967278,12
4294967278,11
4294967279,130
4294967279,129
4294967279,394
4294967279,201
4294967279,393
4294967279,200
4294967278,198
4294967279,199
4294967279,392
4294967278,197
4294967294,1095
4294967294,1093
4294967294,1092
4294967294,1090
4294967294,1089
4294967294,1088
4294967294,1021
4294967294,1020
4294967294,1018
4294967294,1017
4294967294,1016
4294967294,1015
4294967294,1013
4294967294,1012
4294967294,1010
4294967294,1009
4294967294,1006
4294967294,1005
4294967294,1003
4294967294,1002
4294967294,401
4294967294,185
4294967294,176
4294967294,173
4294967294,162
4294967294,161
4294967294,14
4294967294,20
4294967294,127
4294967294,126
4294967294,18
4294967294,13
4294967294,97
4294967294,77
4294967279,195
4294967279,388
4294967278,192
4294967294,107
4294967279,190
4294967279,385
4294967279,387
4294967294,12
4294967294,61
4294967278,304
4294967279,386
4294967278,22
4294967278,21
4294967278,20
4294967278,19
4294967278,18
4294967279,384
4294967279,318
4294967278,303
4294967279,319
4294967279,317
4294967278,365
4294967279,184
4294967278,33
4294967278,32
4294967278,31
4294967278,30
4294967278,29
4294967278,28
4294967278,27
4294967278,26
4294967278,25
4294967278,24
4294967278,23
4294967278,364
4294967294,1177
4294967279,437
4294967279,313
4294967278,301
4294967279,314
4294967278,178
4294967279,312
4294967279,178
4294967279,177
4294967279,436
4294967278,175
4294967279,176
4294967279,175
4294967278,172
30,5
4294967278,171
30,4
30,3
30,2
30,1
4294967279,309
4294967278,170
4294967279,308
29,0
4294967294,388
4294967279,306
4294967278,363
4294967279,169
4294967279,168
4294967294,392
4294967294,390
4294967279,307
4294967278,297
4294967278,35
4294967278,34
4294967279,25
4294967279,24
4294967279,23
4294967279,22
4294967279,21
4294967279,19
4294967279,17
4294967279,14
4294967279,13
4294967279,304
4294967279,305
4294967279,303
4294967278,163
4294967279,301
4294967278,162
4294967279,163
4294967278,161
4294967278,294
4294967279,162
4294967279,300
4294967278,160
4294967279,161
4294967279,160
4294967278,158
4294967279,156
4294967279,159
29,5
4294967278,157
29,4
4294967279,158
29,2
29,1
4294967279,299
4294967278,156
4294967279,298
28,0
4294967294,1011
4294967294,1091
4294967294,1001
4294967294,422
4294967279,297
4294967278,291
4294967279,154
4294967279,153
4294967278,362
4294967294,1004
4294967294,430
4294967294,186
4294967294,1181
4294967278,290
4294967279,296
4294967294,46
4294967278,289
4294967279,295
4294967278,148
4294967279,148
4294967294,393
4294967294,45
4294967294,44
4294967294,426
4294967294,43
4294967278,147
4294967279,147
4294967294,42
4294967278,146
4294967279,146
4294967279,145
4294967278,144
4294967279,142
4294967279,144
28,5
4294967278,143
28,4
4294967279,143
28,2
28,1
4294967279,435
4294967294,76
4294967294,53
4294967294,51
4294967294,87
4294967294,86
4294967294,84
4294967278,361
4294967279,434
4294967278,360
4294967279,139
4294967294,82
4294967294,11
4294967278,287
4294967279,138
4294967294,99
4,3
4294967278,135
4294967278,134
4294967294,36
4294967294,39
4294967294,92
4294967294,90
4294967294,1355
4294967278,133
4294967279,291
4294967279,292
4294967278,272
4294967279,433
4294967279,274
4294967278,270
4294967279,271
4294967279,273
27,5
4294967278,269
27,4
4294967279,272
27,2
27,1
4294967279,283
4294967278,268
4294967294,1008
4294967294,441
4294967279,282
4294967279,288
4294967294,5
4294967294,81
4294967294,50
4294967294,1022
4294967278,281
4294967279,268
4294967294,22
4294967278,359
4294967278,0
4294967279,432
4294967294,1358
4294967294,120
4294967294,1182
4294967294,1023
4294967294,1099
4294967278,263
4294967279,265
4294967279,431
4294967278,278
4294967279,264
4294967278,259
4294967279,262
26,4
4294967294,9
4294967278,258
26,2
26,1
4294967279,284
4294967278,132
4294967278,131
4294967278,130
4294967278,129
4294967278,128
4294967278,127
4294967278,126
4294967278,125
4294967278,124
4294967278,123
4294967278,122
4294967278,121
4294967278,120
4294967278,119
4294967278,118
4294967278,117
4294967278,116
4294967278,115
4294967278,114
4294967278,113
4294967278,112
4294967278,111
4294967278,110
4294967278,109
4294967278,108
4294967278,107
4294967278,106
4294967278,105
4294967278,104
4294967278,103
4294967278,102
4294967278,101
4294967278,100
4294967278,99
4294967278,98
4294967278,97
4294967278,96
4294967278,95
4294967278,94
4294967278,93
4294967278,92
4294967278,91
4294967278,90
4294967278,89
4294967278,87
4294967278,86
4294967278,85
4294967278,84
4294967278,83
4294967278,82
4294967278,81
4294967278,80
4294967278,79
4294967278,78
4294967278,77
4294967278,76
4294967278,75
4294967278,74
4294967278,73
4294967278,72
4294967278,71
4294967278,70
4294967278,69
4294967278,68
4294967278,67
4294967278,66
4294967278,65
4294967278,64
4294967278,63
4294967278,62
4294967278,61
4294967278,60
4294967278,59
4294967278,58
4294967278,57
4294967278,56
4294967278,55
4294967278,54
4294967278,53
4294967278,52
